56 |56 |0  |35 |36 |81 |64 |4  |14 |56 |
----------------------------------------
9  |3  |0  |24 |0  |12 |36 |4  |16 |28 |
----------------------------------------
2  |4  |9  |27 |0  |12 |24 |6  |8  |0  |
----------------------------------------
0  |0  |20 |28 |5  |72 |3  |21 |36 |48 |
----------------------------------------
0  |15 |42 |0  |35 |0  |10 |18 |24 |0  |
----------------------------------------
30 |27 |56 |56 |10 |21 |18 |16 |16 |14 |
----------------------------------------
15 |8  |8  |10 |72 |0  |24 |45 |36 |6  |
----------------------------------------
24 |5  |16 |9  |16 |0  |0  |0  |0  |40 |
----------------------------------------
7  |2  |12 |56 |45 |6  |0  |72 |0  |3  |
----------------------------------------
36 |7  |30 |24 |63 |0  |8  |3  |3  |10 |
----------------------------------------

