15 |15 |7  |12 |12 |18 |16 |5  |9  |15 |
----------------------------------------
10 |4  |9  |10 |3  |8  |13 |5  |8  |11 |
----------------------------------------
3  |5  |10 |12 |6  |8  |11 |7  |9  |1  |
----------------------------------------
2  |6  |9  |11 |6  |17 |4  |10 |12 |14 |
----------------------------------------
5  |8  |13 |7  |12 |7  |7  |11 |11 |6  |
----------------------------------------
11 |12 |15 |15 |7  |10 |9  |10 |10 |9  |
----------------------------------------
8  |9  |9  |7  |17 |7  |11 |14 |13 |5  |
----------------------------------------
11 |6  |8  |10 |10 |9  |7  |6  |8  |13 |
----------------------------------------
8  |3  |8  |15 |14 |5  |0  |17 |1  |4  |
----------------------------------------
12 |8  |11 |11 |16 |4  |6  |4  |4  |7  |
----------------------------------------

