213 |288 |330 |387 |309 |320 |311 |352 |192 |311 |
--------------------------------------------------
167 |204 |210 |255 |222 |240 |190 |208 |117 |212 |
--------------------------------------------------
99  |167 |182 |282 |119 |149 |225 |182 |181 |160 |
--------------------------------------------------
112 |160 |167 |283 |167 |148 |139 |206 |130 |153 |
--------------------------------------------------
95  |146 |164 |252 |138 |153 |232 |163 |146 |185 |
--------------------------------------------------
186 |225 |237 |375 |244 |269 |278 |301 |197 |237 |
--------------------------------------------------
114 |195 |249 |357 |177 |232 |276 |242 |222 |247 |
--------------------------------------------------
150 |219 |233 |302 |219 |210 |171 |198 |145 |183 |
--------------------------------------------------
124 |228 |219 |320 |140 |227 |224 |175 |193 |249 |
--------------------------------------------------
91  |143 |194 |232 |125 |184 |213 |132 |172 |169 |
--------------------------------------------------

